%YAML:1.0
R: !!opencv-matrix
   rows: 3
   cols: 3
   dt: d
   data: [ 0.99999604094504943076, 0.0023173339275301227727,  
            0.001755938946078424719, -0.0023099358690568524827,
            0.99998704268073523836, -0.0046550356300614758439,
            -0.0017673258267597134926, 0.0046515232975054745946,
            0.99998750952989840899 ]
T: !!opencv-matrix
   rows: 3
   cols: 1
   dt: d
   data: [ -0.062976, 0.000323,
       -0.000423 ]
Q: !!opencv-matrix
   rows: 4
   cols: 4
   dt: d
   data: [ 1., 0., 0., -0.502108,
          0., 1., 0.,-0.509123, 
          0., 0., 0., 0.431721,
          0., 0., 15.87851034, 0.02947154472]
